5555555555555555555555555555555555555555555555555555555555555555
5             5                    55                         55
5             5                    55                         55
5  55555  5555555555555555    555555555                       55
5  5          5      55555    5       5  55555555555555555555555
5  5          5       5555    5       5  5                    55
5  5          5          5    5       5  5                    55
5  5          5          5    5       5555   555555555555  55555
5  55555  5555555555755555    5                      5        55
5                             7                      5        55
5                             5          5           5        55
5                 55          5          5           5        55
5       5555      55          555555555555555555555555        55
5      5    5                                           5     55
5                                                       5     55
5                            5555555555555  333333   5555555  55
5    333333333333333333333   5                   3      5     55
5    3                   3   5                   3      5     55
5    3                   3   5   3333333333333   3      5     55
5    3                   3   5   3        3  3   3            55
333333                   333333333           3   3333333      55
3    3                                       3         3      55
3    3    3333333333                 3    3  3         3333   55
3    3    3      3    333333333333   3    3333            333311
3         3           3    3     33333                    3   11
3         3           3    3      3333           3333733333   11
3    3    3      3    3    7         3  33333    3     3      11
3    3    3  33333    3    333333    3  3   3    3     3      11
3    3    3      3    3    3     3   3  3   7   3      3      11
3    3    3      3               3   3  33333  3   33333      11
3    3    3      3               3   3         3   3          11
3    33333333  3333333333333333333   3          333           11
3                                                      111111111
3                                           111        1      11
3                                           111        1      11
3    333333333  3333333     333    111              11111  11111
3    3                3     333    111                  1  7  11
333333                3                                 1  11111
3    3                3                                       11
3    333333333333333333                 111111111111111       11
3                     3                 1             1       11
3                     7                 1             1       11
3                     3            11711111111711111111       11
3    333333333333333333    111     1    1                     11
3    3                     111     1    1                     11
3    3                     111     1    1    111111111111111  11
3    3                             1    1    1             1  11
3    3   1111111111  11            1    1    1             1  11
333333   1            1    111     1    1    1                11
1        1            1    111     1    1    1                11
1        1     11111111    111     1    1    1             1  11
1    1   1     1                   1    1    1             1  11
111111   1     1                   1    1       111111111111  11
1        1     1                   1    1                     11
1    1111111111111111111111111111111    11111                 11
1    1  1711  11111    1           1    1   1                 11
1    1     1  1        1           1    7                     11
1    1     7  7           1   1    1    111111111111111111111111
1    1     1  1  1                 1     1           1        11
1    1  1711  1  1     1           1     1           1        11
1    1111111111  1111111111   111111     1      1    1        11
1                 11                            1             11
1                 11                            1             11
1111111111111111111111111111111111111111111111111111111111111111

